# 第一行2个数分别代表芯片的长度和宽度（两个维度上最多可放置芯片的数量）
21 21
# 第二行开始每行两个数分别代表不能放置芯片的坐标点（坐标计数从1开始）
4 18
4 17
4 16
4 15
4 14
4 13
4 9
4 8
4 7
4 6
4 5
4 4
5 18
5 17
5 16
5 15
5 14
5 13
5 9
5 8
5 7
5 6
5 5
5 4
6 18
6 17
6 16
6 15
6 14
6 13
6 9
6 8
6 7
6 6
6 5
6 4
7 18
7 17
7 16
7 15
7 17
7 13
7 9
7 8
7 7
7 6
7 5
7 4
8 18
8 17
8 16
8 15
8 14
8 13
8 9
8 8
8 7
8 6
8 5
8 4
9 18
9 17
9 16
9 15
9 14
9 13
9 9
9 8
9 7
9 6
9 5
9 4
13 18
13 17
13 16
13 15
13 14
13 13
13 9
13 8
13 7
13 6
13 5
13 4
14 18
14 17
14 16
14 15
14 14
14 13
14 9
14 8
14 7
14 6
14 5
14 4
15 18
15 17
15 16
15 15
15 14
15 13
15 9
15 8
15 7
15 6
15 5
15 4
16 18
16 17
16 16
16 15
16 14
16 13
16 9
16 8
16 7
16 6
16 5
16 4
17 18
17 17
17 16
17 15
17 14
17 13
17 9
17 8
17 7
17 6
17 5
17 4
18 18
18 17
18 16
18 15
18 14
18 13
18 9
18 8
18 7
18 6
18 5
18 4